%YAML:1.0
---
cameraMatrix: !!opencv-matrix
   rows: 3
   cols: 3
   dt: d
   data: [ 8.5127134460004004e+02, 0., 8.4613794012324732e+01, 0.,
       8.0386988955775041e+02, 2.0247398559080065e+02, 0., 0., 1. ]
distortionCoeff: !!opencv-matrix
   rows: 5
   cols: 1
   dt: d
   data: [ -1.7510644169778844e-01, 6.2337398618812445e-01,
       -4.6761468717464311e-03, -8.4115519538928443e-02,
       -4.5975937669954181e-01 ]
calibError: 9.3549839704366389e-01
