%YAML:1.0
---
cameraMatrix: !!opencv-matrix
   rows: 3
   cols: 3
   dt: d
   data: [ 6.7582313498162466e+02, 0., 1.3543105632072471e+02, 0.,
       6.3388769838689655e+02, 2.0351324772907466e+02, 0., 0., 1. ]
distortionCoeff: !!opencv-matrix
   rows: 5
   cols: 1
   dt: d
   data: [ -5.7744653421685874e-02, 1.4736842899622632e-01,
       -6.2850559461712068e-03, -7.2462236611427158e-02,
       -7.7064105641677233e-02 ]
calibError: 7.2208389848906662e-01
